factionkills:
  world: world
  x: -10.677200231755867
  y: 61.0
  z: -73.41091570300716
playerkills:
  world: world
  x: 19.768647185349295
  y: 61.0
  z: -71.73351432889444
factionwars:
  world: world
  x: 20.5927941165697
  y: 61.0
  z: -41.6800998113245
playerlevels:
  world: world
  x: -9.268566485988949
  y: 61.0
  z: -40.8278545623661
